# File describing the spectral bands for PAVO main mode

combiner = PAVOS
mode = V_MAIN

0.519999E-06 0.894475E-08
0.528944E-06 0.863916E-08
0.537278E-06 0.844473E-08
0.545834E-06 0.917399E-08
0.555626E-06 0.944473E-08
0.564723E-06 0.960461E-08
0.574835E-06 1.064637E-08
0.586016E-06 1.118090E-08
0.597197E-06 1.139983E-08
0.608816E-06 1.223684E-08
0.621671E-06 1.313601E-08
0.635088E-06 1.341711E-08
0.648505E-06 1.432731E-08
0.663742E-06 1.545953E-08
0.679424E-06 1.622646E-08
0.696195E-06 1.703583E-08
0.713496E-06 1.815393E-08
0.732503E-06 1.950821E-08
0.752512E-06 2.062632E-08
0.773756E-06 2.124375E-08
0.794999E-06 2.124374E-08
