# File describing the spectral bands for PAVO main mode

combiner = PAVOC
mode = V_MAIN

0.630000E-06 0.909738E-08
0.639097E-06 0.949707E-08
0.648994E-06 1.039650E-08
0.659890E-06 1.094650E-08
0.670887E-06 1.099679E-08
0.681884E-06 1.144590E-08
0.693779E-06 1.194575E-08
0.705775E-06 1.244533E-08
0.718670E-06 1.339386E-08
0.732563E-06 1.394473E-08
0.746559E-06 1.399590E-08
0.760555E-06 1.444414E-08
0.775447E-06 1.539208E-08
0.791339E-06 1.639151E-08
0.808230E-06 1.694314E-08
0.825225E-06 1.744270E-08
0.843116E-06 1.839005E-08
0.862005E-06 1.894210E-08
0.881000E-06 1.899444E-08
